0 0.178910 0.707912 0.186716 0.294613
0 0.133762 0.498316 0.130089 0.131313
0 0.287573 0.387205 0.085706 0.107744
0 0.154423 0.386364 0.076523 0.075758
0 0.171258 0.319865 0.052036 0.057239
0 0.841598 0.393939 0.122436 0.111111
0 0.608203 0.499158 0.169881 0.170034
0 0.498776 0.407407 0.058157 0.124579
0 0.427609 0.356902 0.078053 0.070707
0 0.399296 0.436027 0.110193 0.080808
0 0.338078 0.303030 0.039792 0.057239
3 0.633456 0.334175 0.174472 0.085859
3 0.799128 0.751684 0.401745 0.271044
2 0.075605 0.314815 0.084175 0.107744
5 0.433731 0.606061 0.273952 0.249158
5 0.716866 0.435185 0.111723 0.122896
2 0.437557 0.281987 0.143863 0.069024