0 0.140649 0.426768 0.079584 0.112795
0 0.501071 0.762626 0.298439 0.276094
0 0.354913 0.520202 0.149985 0.185185
0 0.948347 0.388889 0.103306 0.127946
0 0.592899 0.356061 0.081114 0.095960
0 0.384757 0.292088 0.041322 0.058923
2 0.078665 0.311448 0.096419 0.101010
2 0.462045 0.296296 0.094888 0.111111
2 0.757423 0.416667 0.241812 0.203704
3 0.208754 0.293771 0.053566 0.069024
6 0.481175 0.491582 0.093358 0.141414
6 0.202632 0.511785 0.062749 0.144781
6 0.527089 0.353535 0.038261 0.080808
6 0.345730 0.335859 0.033670 0.062290