0 0.109329 0.268791 0.112894 0.089869
0 0.073232 0.391340 0.146465 0.174837
0 0.831254 0.223039 0.038622 0.070261
0 0.676025 0.185458 0.046049 0.057190
0 0.647802 0.793301 0.295603 0.214052
0 0.382650 0.379085 0.145573 0.156863
3 0.687908 0.266340 0.123292 0.111111
3 0.774807 0.235294 0.065359 0.084967
3 0.894831 0.592320 0.210339 0.217320
3 0.459150 0.200980 0.120321 0.094771
1 0.573529 0.133987 0.120321 0.088235
2 0.742127 0.129902 0.092097 0.096405
5 0.559994 0.316498 0.165289 0.127946
6 0.307469 0.224747 0.052036 0.085859